1198689798,1198754476,1198728690
1198690007,1198799605,1198741044
1198693726,377528745,3948360163
1198695414,1198793375,1198926556
1198697715,1198773521,1198833822
1198700373,1198920676,1198909652
1198732970,1198742086,1198920049
1198737874,1198705174,1198929618
1198750968,1198820174,1198700349
1198752073,1198757262,1198771943
1198755763,251395490,2301927560
1198758481,1198732112,1198905754
1198763489,1198802901,1198782662
1198767232,1198724593,1198785190
1198768576,2301927116,1198919189
1198788320,1198893455,1198730839
1198799960,1198750430,1198844213
1198831896,1198926648,1198690926
1198834960,2301927190,3948360170
1198835586,1198919189,3948360164
1198840600,1198797594,1198843082
1198919189,1198768576,1198835586
1400596012,1400596013,2305853023,177147435
1639324152,1639324154,177064530,1639324157
1639324154,177072695,1639324152
164925594,2487038762,2313408414,164925595
164925596,2348883341,3422795420,304827584,3960458872
164926371,304826899,1910835870,177130160,1910835872,502262096
164926372,164926373,2350303507,1910835870,1910835868
164926373,164926372,164926374,2127029398
164926374,164926373,177092966,319138582,175914239,3134426903
164926375,175916183,2673995949,1758604662,164926376
164926376,164926375,164928965,177079660,2673995950
164928965,177064530,164932106,164926376,164928967
164928967,164928965,304400035,164932107,177061455
164928968,2487038766,3960458875,2487038771,277487771
164932087,164925599,3960458863,3960458860
164932088,494644565,3960458861,2529858198
164932091,3960458867,3960458864
164932094,177130160,502262101,2529858203
164932095,2350303502,2350303507,175907550,177130160
164932097,164932099,2350303502,175912092,2127029398
164932099,164932101,164932097,2673995948,175914228
164932101,175914659,304826560,164932099
164932102,1758604658,304826560,164932104,175916182,2673995949
164932104,164932106,164932102,2673995950,177079661
164932106,164928965,177076598,164932107,164932104
164932107,164932109,164932106,1761433382,164928967
164932109,2487038766,3043768878,164932107,1758596978
164932111,277487786,2528615862,277487787
165059846,3656089711,1690445319,2753957352
165059847,165087844,2753957360,2753957359,3812156412
165059851,377488353,165059849,2669333810
165059853,2753957369,2669333810,2669333814,2669333811,176295824
165059855,2669333815,176295824,2527478950
165059858,165062882,3641147270,463014776
165059860,463014782,463014781,3413386994
165062874,377488354,3812156412,165076777,165087844
165062876,2397947066,3812156411,165076778,377488353
165062877,165062879,2397940433,165076779,347435817,2669333814
165062879,2527478953,165062877,165076780,2669333815
165062880,165062882,2527478953,3641147270,165076781
165062882,165062883,165062880,165226122,165059858
165062883,165062885,165062882,377488351,165226941
165062885,165062883,202874023
165064561,3656089712,2753957354,2753957361,165064562
165064562,165064561,165075442,1690445319
165075442,165079819,1911764630,165064562,165075444
165075444,165083099,2359283364,1911764630,165075442
165076777,464808476,2753957364,165062874
165076778,165080634,165062876,165076779,464808476
165076779,165062877,165080635,165076780,165076778
165076780,2753894630,165076779,165080636,165062879
165076781,165062880,165080637,165226122,2753894633
165079819,165083099,3656089712,165075442,165080633
165080634,165083104,165076778,464808475,165080635
165080635,165076779,165083105,165080634,165080636
165080636,165080635,165080637,165094858,165076780
165080637,165076781,165083107,165080636,165080638
165080638,165080637,265685902,165083108,165226122
165083099,165086927,165079819,165083100,165075444
165083104,165090629,165080634,165083105,165083102
165083105,165080635,165093348,165094858,165083104
165083107,165080637,165094887,2920171972,165094858
165083108,2920171972,265685901,165080638
165086927,165083099,165224133,165089002
165087844,165059847,165059849,377488342,165062874
165089002,165086927,165224134,2340588620
165090629,165083104,2305853021,177147435
165093348,165083105,177147435,165094859
165094858,165094859,165080636,165083107,165083105
165094859,165093348,165094887,402081870,165094858
165094887,165083107,165224951,165094859,2920171987
165217792,345921071,345924207,463014724,165217793
165217793,345921301,176304764,165217792
165224133,165086927,275731870
165224134,165089002,2305853021
165224135,2313408413,2348883341,265685901
165224951,165094887,2348883337,2920171980
165226122,165226941,165076781,165080638,165062882
165226124,377481516,2477818971,3413386054
165226941,165226122,165062883,165228806
165228806,2753894659,2487038762,165226941
165232842,176300924,2753894621,176294298,2753894614
165232844,165232845,2753957369,2753957366,176296426,165232846
165232846,2753957349,165232845,177467679,2837597102,165232844,1700258308
165232847,2753957349,2753957348,2753957347,2510488104
1690351952,2126993078,345924207,1690351955
1690351955,1690351952,2126993079,2753894601
1690393435,177492358,3284218449
1690393440,2755355692,1690393452,2754586561
1690393452,3284218449,1690393440,2755355690
1690393459,2755355690,2754073975,486124702
1690393473,1198751638,463014922,463014925
1690393475,1912857488,1198751638,1690393481,1198726587
1690393478,177467684,1690445165,1690393493
1690393493,1690393498,1690445185,463014925,1690393478
1690393498,1690393500,1690393493,1690393481
1690393500,1690393498,177480139,1690445245
1690444942,1690444946,1690444915,2755475387
1690444946,1690444953,1690444942
1690444953,1690444955,1690444946,2755475388
1690445004,1690445021,1690445002,1690445029,1690444988
1690445054,1690445092,1690445075,1690445029
1690445060,1690445097,1690445077,377515551
1690445065,2754586563,2754586565,1690445014
1690445073,1690445089,1690445095,1690445068
1690445075,1690445096,1690445085,1690445054
1690445082,1690445093,1690445091,1690445077,1690445098,2699829455
1690445084,2754586571,1690445100,2754586563
1690445085,2754586569,1690445075,2754586565
1690445089,1690445073,1690445113,1690445102,1690445064
1690445091,502261102,1690445098,1690445082
1690445092,1690445106,1690445054,1690445105,3577718147
1690445096,1690445107,1690445075,1690445136
1690445098,1690445079,1690445103,1690445091,1690445082
1690445103,502261096,2755355695,1690445098,2699829461
1690445104,1690445131,2754586571,2724084466,2754586569
1690445105,1690445107,1690445092,2869144858
1690445107,1690445096,1690445105,1690445116
1690445108,2755355692,1690445122,2755355688
1690445112,2491257348,1690445135,2755355695
1690445113,1690445089,2689016272,1690445100,1690445157
1690445116,2493008121,1690445107
1690445132,2755355729,2493008121
1690445135,1690445106,1690445155,1690445112
1690445136,1690445131,1690445159,1690445096,2724084434
1690445138,1690445151,2689016272,2689016273,2689016274
1690445140,1690445122,1690445162,2755355731,2755355710
1690445151,1690445138,2689016276,2724084466,1690445180
1690445155,1690445184,2755355733,1690445135
1690445159,1690445167,1690445136,2755475428
1690445165,1690445213,486124702,1690393478
1690445167,1690445178,1690445159,1690445222,2755475436
1690445174,1690445189,1690445162,2755355745,2755355736
1690445176,2754073976,2755355731,2754073975
1690445180,1690445163,2510487482,1690445198,1690445151
1690445184,1690445203,1690445155,1690445247,1690445164
1690445189,1690445218,1690445174,385038101
1690445195,1690445243,1690445215,2755355749
1690445198,1690445172,1690445208,1690445180
1690445203,1690445236,1690445184,1690445249,1690445187
1690445206,1690445231,1690445201,1690445242
1690445208,1690445242,1690445222,1690445198
1690445213,1690445251,1690445165
1690445215,1690445178,1690445260,1690445195
1690445218,1690445189,1690445240,2510487760,2510487484
1690445221,2754073976,486209303,2755355745
1690445222,1690445234,1690445167,1690445208
1690445234,1690445260,1690445222,1690445262
1690445236,1690445203,1690445224,1690445264
1690445242,1690445258,1690445208,1690445206,1690445262
1690445251,1690445279,1690445213
1690445254,1690445266,1690445243,1690445247,1690445294
1690445256,1690445274,2510487727,1690445231,2510487862
1690445260,1690445234,1690445276,1690445215
1690445262,1690445276,1690445242,1690445234,3577718148
1690445266,1690445254,1690445249,2359283129
1690445272,1690445292,99275023,385038164
1690445276,1690445262,1690445282,1690445260
1690445279,2754073989,2689021092,1690445251
1690445282,1690445305,1690445299,1690445276
1690445287,2359283132,1690445285,2359283162
1690445289,1690445299,1690445274,2510487897
1690445292,1690445272,1690445281,2339446810,1690445300
1690445294,2359283183,1690445307,1690445254
1690445299,1690445289,2742400854,1690445282
1690445300,1690445292,2689021211,2339446814
1690445307,1690445320,2359283194,1690445294
1690445314,2359283237,2359283240
1690445318,276487622,2359283237
1690445319,165059846,2753957348,165064562,2510488127
1690445330,2359283260,2359283264
1690445346,2359283380,2359283367
1690445348,2359283385,2673998659
1690445350,2359283386,2359283385
1690445355,2359283391,2359283390
1690445357,175912070,2359283392
1700258303,304831183,2531035470,385038166,1912288862,1700258308,1912288864
1700258308,2837597102,1912288862,2689021211,1700258303,165232846
1700258310,276838484,2359283306,276838480
1739868196,1739868199,1739868201
1741955515,377513141,463015075,177492356,463015074
1751215676,2753957359,1751215685
1758596978,177051706,177051709,164932109
1758604658,164932102,2673995949,1758604656
1758604662,3134426907,164926375,2531494540
175907541,2529967030,2531396711
175907544,175914241,177069852,277487852,175907546,2531396711
175907546,175914240,277487861,175907544,2529913422
175907547,175914239,2529913422,1910835868,177064532
175907550,164932095,204159812,175912092,175907551
175907551,175912090,177129486,3958518483,175907550
175907552,3958518480,175912089,177126320,177127511,3958518481
175907553,3958449419,3958449418,2735499956
175907556,3958449411,494644406,494644407,175907557,3958449413,3958449406
175907557,494644409,494644404,175907558,175907556
175907558,494644416,494644413,175907560,175907557
175907560,494644430,3349875149,175907562,175907558
175907562,494644431,494644518,175907563,175907560
175907563,494644446,99266926,175907562,494644517
175907564,494644455,494644457,3866385037,99266926
175907566,3866385036,3866385033,3866385034,3866385035,3866385032
175907567,3866385018,277667494,3866385023,276838526
175908313,3866385002,277667498,277040682
175912070,2359170016,177139451,1690445357,276838465,2359170008
175912072,2359170080,2359170071,2359170087,177136979
175912075,175912089,175912077,175914229,276488370
175912077,175914660,2359176960,175912075,175916028
175912089,175907552,175912075,2359176957,175912090
175912090,175914229,175907551,175912089,175912092
175912092,175912090,164932097,175914228,175907550
175914228,164932099,175914229,175914659,175912092
175914229,175914660,175912090,175914228,175912075
175914239,175914240,164926374,175907547
175914240,175914239,175914241,177094021,175907546
175914241,175914240,175914242,177094022,175907544
175914659,164932101,175914660,175914228,175916182
175914660,175914659,175912077,175916181,175914229
175916028,175912077,177079663,2359176967,175916181
175916181,177079662,175914660,175916028,175916182
175916182,175916181,164932102,177079661,175914659
175916183,164926375,2669528295,177079660,2350303500
175916185,203863871,175916186,177069851,177094022
175916186,175916185,2669528300,2669528299,177079659
175916187,2669528300,177094025,2669535872
1761441318,177074911,486763823,177050226,2359176972
176293880,2753894621,2527478950,3641147270
176294298,176299906,176301862,165232842
176295824,2753894618,165059853,165059855
176296426,176298528,2753894618,2753894614,165232844
176298528,2753894611,176296426,2126993079
176299300,176301862,176302007,463014784
176299904,2753894611,176299906,345924205
176299906,176299904,176294298,2753894605
176300924,165232842,377481516,2753894624,176301862
176301862,176294298,176299300,176300924
176302007,177476621,176299300,176302935
176302935,176302007,176302937,345924201
176302937,176302935,2110044656,2352459847
176304397,176304764,2061470619,345924203
176304764,345924205,165217793,176304397
177050224,2753026944,2359334652,2359334655,177050226
177050226,177076597,1761441318,177051709,177050224
177051706,2753026944,277487788,1758596978
177051709,1758596978,177050226,177076598,1761433382
177051710,177126323,204159812,2529858197
177054578,177061455,2669535871,177071734
177054581,177069850,177054579,177081056
177061455,177054578,177064530,164928967
177064530,1639324152,164928965,177061455,177079660
177064532,2529913370,2350303494,175907547,502262098
177064533,2570072910,299835706,502262098
177066971,177069850,177073273,177066972
177066972,177069851,177079660,203863871,2189157997,177066971
177066976,299835706,2532091549,277487851
177069850,177081569,177066971,177054581,177069851
177069851,177079659,177066972,177069850,175916185,2189157996,2189157999
177069852,265662959,2350303524,175907544,177069853
177069853,366066694,177069852,277487850
177072695,177073273,1639324154
177073273,177066971,177072695
177074911,177079663,1761441318,177076597
177076597,177050226,177079662,177076598,177074911
177076598,164932106,177076597,177051709,177079661
177076599,177076601,177081569,177089807
177076601,177076602,177076599,177054583
177076602,2669535876,177076601,177054585
177079659,177069851,177094024,175916186
177079660,177066972,164926376,177064530,175916183,1639324157
177079661,164932104,177079662,177076598,175916182
177079662,177076597,175916181,177079661,177079663
177079663,175916028,177074911,177079662,2359176971
177092966,164926374,319139679,2350303500,3134426907
177094021,2669528294,177094022,175914240,2529954245
177094022,175916185,175914241,177094021,177094024
177094024,177094022,177094025,177079659,2669528299
177094025,177094024,175916187,366066690
177126320,2359170087,175907552,3958518475,273565968
177126321,177136124,177127846,177126322
177126322,177129486,2730044669,177126321
177126323,2730044663,2730044669,177051710
177126324,177136984,2529858197,177126326
177126326,177126324,2529858199
177126328,177136986,2529858199,2529858201
177126329,2529858201,2529858198
177127511,177127846,175907552,3958518482
177127846,177127511,3958518476,177126321
177129484,2529858202,204159812
177129486,175907551,177126322,204159812
177129812,2529913375,277487861,277487851
177130160,164932095,164932094,164926371
177132369,3960458865,2570072910,3529418398,3960458869
177136124,177136979,177136980,177126321
177136979,177139451,175912072,177136124
177136980,177139452,177136124,177136981
177136981,177139453,177136980,2742326191
177136982,2742326191,177136983,2730044663,177137991
177136983,177136982,177136984,177139454
177136984,177139455,177126324,177136983,177136985
177136986,177126328,177139457,177136985
177137991,2340588621,177139454,177136982
177139451,177136979,177140803,175912070,177139452
177139452,177136980,177139451,177139453
177139453,177136981,177139452,2340589879
177139454,177137991,177139455,177136983
177139455,177136984,177139454,177145640
177139457,177136986,177145640,2305853024
177145640,2529858196,177139455,177139457
177147430,2529858194,177147431,1400596014
177147431,177147430,275731865,177147433
177147433,177147431,275731868,177147434
177147435,165090629,165093348,1400596012
177467679,2753957360,165232846,2753957362,2753957351
177467681,2689021095,177467682,304831183,2689021092
177467682,177467681,177467684,2531035460
177467684,1690445185,177467682,1690393478
177477995,345923565,2531035463,2531035468,1690445245
177480136,345921579,345923345,2380362207
177480138,345923345,1910842689,2380362217,3407404705
177480139,177482342,1690393500,3407404705
177482342,463015076,177480139,463015065
177486889,377507124,463014735,177487656
177492356,1741955515,1912857488
177492358,486215889,1690393435,343470615
1786711113,276838544,1786711115,1786711116
1786711114,276487603,1786711115,1786711116,494644440
1786711115,1786711113,494644442,1786711114,494644451
1786711116,1786711114,1786711113,276487627
1910835868,175907547,164926372
1910835870,164926371,164926372
1910842689,2531035468,177480138
1912857488,177492356,1690393475
1973985028,279407693,1973985029,1973985031
1973985029,1973985028,1973985030
1973985030,1973985029,279407692
2012633537,2012359828,2012359829
202874023,377490550,165062885,3413386994,165059865
203863871,2669528295,175916185,2189158001,2529954246,177066972
203936111,3652557773,3305119180
204159812,177129486,177129484,175907550,177051710
2060905305,273565947,2060905306,2735077096
2060905306,2060905305,273565950
2061470619,176304397,3114859312,2110044656
2110044656,176302937,2061470619,345924201,345924203
2126993078,2753957363,1690351952,2126993079
2126993079,176298528,1690351955,2126993078
2127029398,164932097,164926373,319138582
2127029402,277487851,277487850,366066695
2189157997,2189157999,2189157998,177066972
2189157999,2189158003,2189157997,177069851
2296591452,2296591447,2296591454,2296591451
2296591468,2296591470,2296591467,2296591472
2301927116,251395805,1198768576
2301927187,3948360165,251395492
2301927190,1198834960,3948360171
2301927198,251395492,2301927204
2301927202,2301927208,277040600
2301927204,2301927198,2301927225
2301927208,2301927214,2301927202
2301927210,277040600,277040602
2301927214,277040601,2301927208
2301927225,2301927204,251395491
2301927266,494644558,277040663,277040589
2301927560,1198755763,2301927658
2301927658,2301927560,2301927710
2301927710,2301927658,2301927755
2301927755,2301927710,2301927817
2301927817,2301927755,2301927821
2301927821,2301927817,251394643
2302448700,277040589,277040658,2302448701
2302448701,277040647,277040649,2302448700
2305853021,165224134,165090629
2305853023,1400596012,2305853022
2313408413,2920171987,165224135
2339446814,1690445300,2753957349
2340588621,2340589879,177137991,2340588620
2342214623,277667490,2342214612
2348883331,3960458866,3960458868,164929463
2348883341,164925596,165224135,2348883338
2350303500,177092966,3133210377,175916183
2350303507,164926372,164932095
2352459842,2753894605,345924203,2352459852
2359013806,2754586559,1690445068
2359170016,175912070,2359170040,276838552
2359170040,2359170016,2359170071
2359170071,2359170040,175912072
2359170087,175912072,177126320,2359170086
2359176954,277040639,2359176955
2359176955,2359176954,277040638
2359176959,277040609,277040608
2359176964,2359176967,2359176970,2735500039
2359176970,275074011,2359176964,2359176971
2359283237,1690445318,1690445314
2359283240,1690445314,1690445317,377467280
2359283306,345926809,1700258310,276838477
2359283364,2359283367,165075444
2359283367,1690445346,2359283364
2359283380,2359283382,1690445346
2359283382,2359283383,2359283380
2359283383,2673998659,2359283382
2359283385,1690445350,1690445348
2359283386,2359283387,1690445350
2359283387,2359283388,2359283386
2359283388,2359283390,2359283387
2359283389,276838467,276838468
2359283390,1690445355,2359283388
2359283391,2359283392,1690445355
2359283392,1690445357,2359283391
2359334680,2359334682,2359334683,253849028
2359334682,276488358,2359334680,2359334689,2359334674
2359646075,2359646077,366066670
2359646076,277040649,277040619
2359646077,277040619,2359646075
2359646079,277040590,277040663
2397940433,165062877,2397947066
2397947066,2397940433,165062876
2477818975,2477818972,2753894621,3413386054
2493008121,1690445132,1690445116
2509818474,2509818475,2509818465
2510487484,1690445218,2755355747,385038104
2510488127,1690445319,2742400857,2510488125
251394643,2301927821,2301927606,2301927837
251395490,251395491,1198755763
251395491,2301927225,251395490
251395492,2301927187,2301927198
251395493,251395494,3948360174
251395494,3948360164,251395493
251395805,377528745,2301927116
2527478953,165062880,165062879
2528615862,164932111,3043768878
2529858197,177051710,177126324
2529858198,177126329,164932088
2529858199,177126326,177126328
2529858201,177126328,177126329
2529858202,2529858203,177129484
2529858203,164932094,2529858202
2529913398,2529913403,2529913386
2529913422,175907546,175907547
2529954245,2529954246,177094021
2529954246,203863871,2529954245
2529967030,366065783,175907541
2531035460,177467682,463014726,2531035470
2531035463,463014726,177477995
2531035468,177477995,1910842689
2531035470,1700258303,463014724,2531035460,1912288864
2531396711,175907541,277487852,175907544
253849030,253849043,377533409,2735500121
253849043,253849030,377533322
253849044,377533322,277040630
253849045,277040630,2735500100,2735500082
253849046,486208353,275074011,2735500049
2570072907,164925598,164929463,2570072910
2570072910,177132369,177064533,2570072907
2610222036,2610222038,2342214613,2342214612
2610222038,99151096,2610222036,2342214627
2613751382,2613751374,2613751380
265685901,265685902,165224135,165083108
265685902,265685901,165080638,2753894659
2669333810,165059851,165059853,2669333811
2669333815,165062879,165059855,2669333816
2669528294,3133210377,177094021,2669528295
2669528295,175916183,203863871,2669528294
2669528300,175916186,175916187
2669535876,177056407,177076602,2528603810
2669552376,279407704,279407701,2669552377
2673995948,164932099,3134426903,2012359834
2673995949,1758604658,164926375,2528620357,164932102,2673995950
2673995950,164926376,164932104,2673995949
2673998659,1690445348,2359283383,275731870
2673998661,2305853024,3960458859,2673998660
2686097027,2686097028,513075498
2686097029,494644436,494644425,2686097028
2689016271,2689016272,2689016273
2689016272,1690445138,1690445113,2689016271
2689016274,2689016276,1690445138
2689016276,2755355747,1690445151,2689016274
2689021079,2689021092,385038167
2689021092,1690445279,177467681,2689021079,2689021095
2689021095,304831183,177467681,2689021092
2689021211,1690445300,1700258308,385038164
2699829455,2699829456,1690445082
2730044663,177126323,177136982
2730044669,177126322,177126323,2742326191
2734925012,274184076,276838515
2734925072,276838556,276838505
2734925091,276838510,277040607,2734925150,273565945
2734925134,276838512,274184069
2734925150,494644553,494644549,2734925091
2734925152,2734925154,277040621,2734925158
2734925154,273565951,2734925152
2735023498,494644492,276838500,2735023500
2735023503,2735023506,276838497,2735023508
2735023506,2735023507,2735023503,2735023501
2735023507,494644494,2735023506,2735023509
2735023508,276838489,273565937,2735023503
2735023509,273565937,276838488,2735023507
2735023511,273565941,276838502,2735023514
2735023514,2735023511,494644555
2735023523,494644556,494644552
2735023527,277040668,277040605
2735023537,494644552,277040654,2735023549
2735023549,277040658,277040668,2735023537
2735077095,273565956,277040634,2735077094
2735077096,276838481,273565947,2060905305
2735077097,2735077098,276838512
2735077098,277040583,2735077097
2735499923,3958449423,2735499924
2735499924,2735499923,273565968
2735499942,3958449421,2735499946
2735499946,2735499942,3958449420
2735499956,277040639,175907553,2735499959
2735499959,2735499956,2735499963
2735499963,2735499959,2735499969
2735499969,2735499963,2735499977
2735499977,2735499969,277040637
2735500001,276838557,486129378,4032066976
2735500005,277040667,277040664,4032066976,277040582
2735500039,2359176964,277040609,2735500033
2735500043,277040583,2735500085,2734925194
2735500082,277040625,253849045,2735500040
2735500085,2735500043,277040642
2735500110,277040625,277040642
2735500119,277040642,277040617
2735500121,253849030,277040642
273565906,2735508381,274184007,2735508379,2735508380
273565937,2735023508,2735023509
273565939,276838494,276838495
273565941,276838487,2735023511
273565944,277040604,276838504,277040622,276838486
273565945,276838486,276838510,2734925091
273565950,2060905306,276838512
273565951,276838512,2734925154
273565953,3864229086,276838476
273565956,3864229083,2735077095
273565958,276838522,3958449424
273565961,3958449414,3958449413,3958449425,3958449403
273565963,3958518479,3958518484,277040638,273565968
273565964,276838465,276838552,2359170014
273565968,2359170091,273565963,2735499924,276838550,3958518477,177126320
273565969,276838541,3958449409,3958449423
274184002,276838499,2735508378,99266930
274184005,274184007,276838499,2735077092
274184007,274184005,277667504,273565906,3065509010,276838499
274184011,274184012,277667509,277040681
274184012,277040690,274184011
274184066,494644475,276838527,3065509010,276838529
274184067,494644488,494644482,99266929,513075480
274184069,276838556,274184070,2734925134,276838513
274184076,274184075,276838475,2734925012
274184081,277040672,277040686,277040676,2735508381
2742326191,177136981,177136982,2730044669
2742400853,2742400857,2742400849
2742400854,2742400857,1690445299,2742400849
2742400857,2510488127,2742400854,2742400853
275074011,253849046,2359176972,2359176970,1758596980
2753026944,177050224,177051706
2753894601,1690351955,2753894598
2753894605,176299906,2352459842,2352459847
2753894611,176298528,176299904,2397701179
2753894614,165232842,176296426,2397701179
2753894618,176295824,176296426,2753894621,2753957369
2753894621,176293880,165232842,2477818975,2753894618
2753894630,2753894633,165076780,2397699476
2753894633,165076781,2753894630,2397699474
2753894659,265685902,165228806
2753957348,1690445319,165232847,2753957353
2753957349,165232847,165232846,2339446814
2753957352,165059846,2753957355,2753957357
2753957354,165064561,3656089711,2753957357
2753957355,2753957352,2753957359,2753957356
2753957359,2753957355,165059847,1751215676,3812156413
2753957360,165059847,177467679,2753957358
2753957361,2753957364,165064561,2753957356
2753957363,2753957366,2126993078,2753957365
2753957364,165076777,2753957361,1751215685
2753957365,2753957367,2753957363
2753957366,165232844,2753957363,2753957367
2753957367,2753957366,2753957365
2753957369,165059853,165232844,2753894618,377488342
2754073975,1690445176,1690393459,2754073979
2754073976,1690445221,1690445176
2754073989,486209303,1690445279,2754073982
2754586559,2754586561,2359013806
2754586561,2754586526,1690393440,2754586559
2754586565,1690445065,1690445085
2754586567,2754586571,2754586569
2754586569,1690445104,1690445085,2754586567
2754586571,1690445104,1690445084,2754586567
2755355688,1690445108,1690445095,2755355710
2755355690,1690393459,2755355706,1690393452
2755355692,1690445108,1690393440,2755355706
2755355706,385038098,2755355692,2755355690
2755355710,1690445140,1690445102,2755355688,2755355736
2755355729,2755475432,1690445132
2755355731,1690445176,1690445140,3092888586,385038096
2755355736,1690445174,1690445157,2755355710,385038101
2755355742,385038101,2755355747
2755355745,1690445174,1690445221,385038168,3092888586
2755355747,2510487484,2689016276,2755355742
2755355750,99275023,486209303,385038190,3396694493,385038168
2755475388,2755475391,1690444953
2755475428,1690445159,2755475429,2755475427
2755475429,2755475428,2755475432,2755475433
2755475432,2755475436,2755355729,2755475429
2755475436,1690445167,2755475432,2755475433
275731870,275731869,2673998659,165224133
276487516,99151095,3743501367,276487520
276487571,276487627,276487579,276487523
276487579,276487571,276487586
276487586,276487579,276487591
276487591,276487586,276487598
276487598,276487591,276487603
276487603,276838555,1786711114,276487598,276487609
276487609,276487603,99263609,494644440
276487622,276838558,1690445318,99263609,276838459
276487627,3743501367,276487571,276838544,1786711116
276488358,2359334682,2359334678,2359334685
276488370,277040632,277040609,277040638,175912075
276838459,494644424,276487622,276838460
276838460,276838482,494644422,276838459,276838461
276838461,276838484,494644398,276838463,276838462,276838460
276838462,276838478,276838461,276838463
276838463,494644396,276838479,276838461,276838462,276838472
276838464,276838554,276838472,276838473
276838465,273565964,276838466,276838552,276838473,175912070
276838466,276838465,276838467
276838467,276838466,2359283389
276838468,2359283389,276838469
276838469,276838468,276838470
276838470,276838469,276838471
276838471,276838470,99267929,276838473
276838472,99267929,276838463,276838464
276838473,276838471,276838464,276838465
276838474,276838479,276838477
276838475,276838516,3864229078,274184076
276838476,277040612,3864229078,273565953,3864229083
276838477,276838478,276838474,2359283306
276838478,276838477,276838479,276838462
276838479,276838478,276838474,276838463
276838480,276838482,1700258310,377467280
276838481,276838505,277040607,2735077096
276838482,276838484,276838480,276838460
276838484,276838482,1700258310,276838461
276838485,494644410,276838530,2734924995,494644527
276838486,273565944,273565945,494644542
276838487,277040579,494644495,273565941,276838495
276838488,2735023509,276838494,494644494
276838489,276838498,276838490,2735508380,2735023508
276838490,276838489,502793117,277040676,377529354
276838491,377529354,276838492
276838492,276838491,377529475
276838493,276838494,276838557,377529475,277040582
276838494,276838493,276838488,273565939
276838495,276838496,273565939,276838487
276838497,2735023503,276838500,276838498
276838498,276838499,276838497,276838489
276838499,276838498,274184005,274184002,274184007
276838500,99266930,2735023498,276838503,276838497
276838502,2735023510,2735023511,277040622
276838503,494644491,99266929,276838500
276838504,494644497,494644540,273565944
276838505,2734925072,276838481,494644547
276838506,513075480,276838519,494644482
276838509,638866976,277040621,3864229086
276838510,494644547,273565945,2734925091
276838511,494644531,494644533,494644545
276838512,273565950,273565951,2734925134,2735077097
276838514,276838507,494644531,276838513,276838515
276838515,2734925012,494644529,276838514
276838516,276838530,276838475,276838521
276838517,494644514,276838518,494644458,494644485,99266927,513075523
276838518,276838517,494644460,276838519
276838519,99266927,494644466,276838518,276838506
276838520,494644467,494644464,276838529,276838526
276838521,276838516,494644407,276838531
276838522,277040636,276838524,277040634,273565958
276838524,276838532,276838522,276838525,3958449401
276838526,3866385028,175907567,276838520
276838527,494644466,274184066,3136817577
276838528,3866385029,3958449399,3866385023
276838529,3866385038,494644466,274184066,276838520
276838530,276838531,276838516,276838485
276838531,276838530,494644410,276838521
276838532,276838524,3864229067
276838534,2359170080,276838550,276838549,276838535,2359170045
276838537,276838544,276838539,494644451
276838538,3866385018,276838539,277667492,3743501368
276838539,276838538,494644453,276838537,276838543
276838540,494644406,494644392,494644403
276838542,276838551,276838541,494644388,276838550
276838543,494644455,276838539,3866385032
276838544,276487627,276838537,1786711113
276838545,276838554,494644390,494644394,276838546
276838549,276838548,276838534,276838552,2359170045
276838550,2359170091,276838534,2359170086,276838542,273565968
276838551,276838542,276838536,494644390
276838552,2359170016,276838553,276838549,276838465,273565964
276838554,276838553,494644396,276838464,276838545
276838556,494644545,274184069,2734925072,494644531
276838557,276838493,2735500001
276838558,494644424,494644438,513075498,276487622,513075506
276838565,3136817576,3136817582
277040580,486216482,277040664
277040582,277040579,494644556,276838493,277040667,2735500005
277040583,2735500043,277040586,2735077098
277040587,494644549,277040617,277040661,277040586
277040588,277040647,277040658,277040654
277040589,366066670,277040669,2301927266,2302448700
277040590,277040591,2735077100,2359646079
277040591,277040592,277040590
277040592,277040593,277040591
277040593,277040594,277040592
277040594,277040595,277040593
277040595,277040597,277040594
277040596,277040599,277040597
277040597,277040596,277040595
277040598,277040601,277040599
277040599,277040598,277040596
277040600,2301927202,2301927210,277040603
277040601,277040598,277040665,2301927214
277040602,277040603,2301927210,377529970
277040603,277040602,277040666,277040600
277040604,494644553,273565944
277040605,2735023527,277040667,277040623,494644556
277040607,494644549,2734925091,276838481
277040608,2359176959,277040611,2735500007
277040609,2359176960,2735500039,276488370,2359176959
277040610,277040611,277040614
277040611,277040608,277040610
277040614,277040610,277040615
277040615,277040633,494644560,277040614,277040625
277040617,277040587,277040650,2735500119
277040618,277040646,277040659,277040647
277040619,2359646077,2359646076
277040621,2734925152,276838509,277040626
277040622,494644553,276838502,273565944
277040623,277040616,277040670,366066672,277040605
277040624,277040635,277040626,277040643
277040625,277040615,2735500110,277040643,2735500082
277040629,277040635,277040643,253849031
277040630,253849044,253849045
277040632,277040639,276488370,277040637
277040634,494644560,2735077095,276838522
277040635,277040629,277040624,277040628
277040636,277040637,276838522,494644560
277040637,277040632,277040636,2735499977
277040638,2359176955,276488370,273565963,2359176956
277040639,277040632,2735499956,2359176954
277040640,277040641,277040648
277040641,277040640,2359334657,377533409
277040642,2735500085,253849031,2735500119,2735500110,2735500121
277040643,3864229088,277040629,277040624,277040625,494644560
277040644,277040645,277040651,277040646
277040645,277040644,277040662,277040659
277040646,277040618,277040644,277040649
277040647,277040588,277040618,2302448701,277040649
277040648,277040640,277040651
277040649,277040646,2302448701,2359646076,277040647
277040650,277040651,277040617,277040662
277040651,277040650,277040648,277040644
277040652,494644550,277040660,277040661
277040654,2735023537,277040588,277040660,277040658
277040658,2735023549,2302448700,277040588,277040654
277040659,277040660,277040645,277040618
277040660,277040659,277040654,277040652,277040661
277040661,277040662,277040652,277040587,277040660
277040662,277040661,277040650,277040645
277040663,2359646079,2301927266,2735077099
277040664,366066672,2735500005,277040580
277040665,277040666,494644558,277040601
277040666,277040665,277040603,366066672
277040667,277040605,277040582,2735500005
277040668,2735023527,2735023549,494644552,277040670
277040669,277040589,277040670,494644558
277040670,277040623,277040668,277040669
277040676,277040675,276838490,502793114,274184081
277040679,277667513,277040680
277040680,277040679,277040693
277040681,2301926992,277040686,274184011
277040682,3866385004,175908313,3305119183
277040686,277040681,274184081
277040687,3527305353,494644477,3527305352,377522243
277040690,277040693,277040688,274184012
277040693,277040680,277040690
277487786,164932111,277487789
277487788,277487789,177051706
277487789,277487786,277487788
277487850,2127029404,2127029408,177069853,2127029402
277487851,2127029402,2529913329,177129812,177066976
277487861,2350303524,175907546,177129812
277667485,277667519,277667486
277667486,3131522706,277667485,3065509008
277667489,277667490,3305119182,3958518469
277667490,277667489,2342214623,277667491
277667491,277667490,277667492,277667487,3866385003
277667492,277667491,276838538,277667484,277667495
277667494,175907567,277667497
277667495,277667492,277667499,3958518471
277667496,3866385016,277667497,277667498
277667497,494644467,277667494,277667496
277667498,277667499,277667518,277667496,175908313
277667499,3866385003,277667498,3958518470,277667495
277667503,377522243,277667506
277667506,277667503,277667510
277667510,277667506,277667513
277667513,277667510,277040679
277667514,3866385004,3866385007,3866385008
277667515,494644472,3866385014,494644477
277667518,494644470,494644469,277667498,494644472
277667519,494644476,494644475,494644473,277667485
279407688,2669552375,279407689
279407691,279407692,1973984685
279407692,1973985030,279407691
279407693,279407694,1973985028
279407694,279407695,279407693
279407695,279407696,279407694
279407696,281144074,279407695
279407697,279407700,279407698
279407698,279407697,281144074
279407699,279407702,279407700
279407700,279407699,279407697
279407701,2669552376,279407702
279407702,279407701,279407699
281144074,279407698,279407696
2920171972,165083108,165083107,2920171986
2920171980,165224951,2348883339,2920171975
2920171987,165094887,2313408413,2920171975,2920171986
299835706,3422795423,177064533,177066976
3043768878,2528615862,164932109
304400035,164928967,3960458874
304826560,164932102,164932101
304831183,1700258303,2689021095,177467681
3065509010,274184007,274184066
3092888586,2755355745,2755355731
3114859311,3114859312,177476621,304830503
3114859312,2061470619,3114859311
3134426903,2673995948,319138582,164926374,2012359829
3134426907,319139679,1758604662,2012633517,177092966
3136817577,276838527,494644482,3136817576
3136817578,1690454554,99266929,3136817579
319138582,3134426903,164926374,2127029398
3284218449,1690393435,1690393452
3305119180,203936111,3652557774
3349875147,3349875148,3349875150
3349875148,494644413,3349875147,3349875151
3349875149,3349875150,175907560,3349875151,494644518
3349875150,494644521,3349875149,3349875147
3349875151,3349875148,3349875149
3401006730,3606234361,366066695
343469134,463014735,377513141,3288082767
343470615,2754586526,177492358,1739795900
345921301,165217793,345921579
345921579,345921301,177480136
345923345,177480136,177480138
345924203,2352459842,176304397,2110044656,345924205
345924205,176299904,176304764,345924203,2753894598
3527305352,377517910,277040687
3641147270,165062880,176293880,165059858
3652557747,3652557772,3652557748
3652557773,3652557763,203936111,3652557772
366065783,2529967030,2558101865
366066670,2359646075,277040589,2301927277
366066672,277040664,494644558,277040666,277040623
366066690,175914242,177094025,2558101865
366066695,2127029402,3401006730,3606234366
377481516,176300924,165226124,463014784,2753894624
377488342,2753957369,165087844
377488353,165062876,165059851,377488354
377488354,3812156411,165062874,377488353
377513141,343469134,1741955515,3288082763
377517910,3866385007,3527305352
377522243,277040687,277667503
377528745,1198693726,251395805
377529354,276838490,276838491,2735499922
377529475,276838492,276838493,2735499954
377531906,2359334700,253848757,502764335
377533322,253849043,253849044,377533715
377533409,253849030,377533715,277040641
3812156411,165062876,377488354
3812156412,165062874,3812156413,165059847
3812156413,3812156412,2753957359
385038096,2755355731,385038097
385038097,385038096,385038098
385038098,385038097,2755355706
385038101,2755355736,1690445189,2755355742
385038164,385038165,2689021211,1690445272,385038154
385038165,99275023,385038166,385038164
385038166,385038165,1700258303,385038167
385038167,385038166,2689021079,385038189
385038168,3396694493,2755355745,2755355750
3864229078,276838476,276838475
3864229083,276838476,273565956
3864229086,276838509,273565953
3866384976,3866384973,3866384990
3866385004,277040682,277667514
3866385007,277667514,377517910
3866385018,175907567,276838538,3958518471,3866385019
3866385023,276838528,175907567,3866385027
3866385028,494644463,276838526,3866385025
3866385034,175907566,3958449399
3866385035,175907566,3866385037
3866385036,175907566,494644461
3866385037,3866385035,175907564
3948360164,1198835586,251395494
3948360165,3948360166,2301927187
3948360166,3948360168,3948360165
3948360167,3948360169,3948360168
3948360168,3948360167,3948360166
3948360169,3948360172,3948360167
3948360171,2301927190,3948360172
3948360172,3948360171,3948360169
3948360174,251395493,3948360177
3958449399,3866385034,276838528
3958449403,273565961,3958449426,3958449404
3958449407,3958449426,3958449408
3958449408,3958449407,3958449409
3958449409,3958449408,273565969
3958449410,3958449416,3958449415
3958449413,273565961,3958449412,175907556
3958449414,3958449415,273565961
3958449415,3958449410,3958449414
3958449416,3958449417,3958449410
3958449417,3958449418,3958449416
3958449418,175907553,3958449417
3958449419,3958449420,175907553
3958449420,2735499946,3958449419
3958449421,3958449422,2735499942
3958449422,3958518484,3958449421
3958449423,273565969,2735499923
3958449424,273565958,3958449425
3958449425,3958449424,273565961
3958449426,3958449403,3958449407
3958518471,277667495,3866385018
3958518472,3958518473,3958518474
3958518473,494644388,3958518472,3958449406,3958449405
3958518474,3958449412,3958449411,3958518472,3958449401
3958518475,177126320,3958518476
3958518476,3958518475,177127846
3958518482,177127511,3958518483
3958518483,3958518482,175907551
3958518484,273565963,3958449422
3960458859,2673998661,494644565
3960458860,494644565,164932087
3960458861,3960458862,164932088
3960458862,3960458864,3960458861
3960458863,164932087,3960458865
3960458864,164932091,3960458862
3960458865,3960458863,177132369
3960458867,502262101,164932091
3960458869,177132369,502262096
3960458874,304400035,3960458875
3960458875,3960458874,164928968
402081870,3120513665,165224950,275731864,165094859
463014724,2531035470,345923292,165217792
463014726,345923568,2531035463,2531035460
463014735,177486889,343469134
463014776,463014777,2753894628,165059858
463014777,345901717,463014776,463014781
463014781,165059860,345901721,463014777
486124702,3284218429,1690393459,1690445165
486129378,2735500001,486177287,486164656
486177683,486177287,486216482,486164291
486209303,2754073989,1690445221,2755355750
486215783,486215889,1740977680,1690393463
486215889,463014922,177492358,486215783,3284218429
486216482,486177683,277040580,486216438
486763823,1761441318,486763826,1758596980
494644388,494644390,3958518473,276838542,494644406
494644390,276838545,494644388,276838551,494644392
494644392,276838540,494644394,494644390,494644401
494644394,494644392,494644396,494644399,276838545
494644396,276838554,494644398,494644394,276838463
494644398,494644396,494644422,276838461,494644399
494644399,494644398,494644401,494644420,494644394
494644401,494644399,494644403,494644392,494644419
494644403,494644401,494644404,494644417,276838540
494644404,494644403,175907557,494644406,494644416
494644406,175907556,276838540,494644388,494644404
494644407,276838521,175907556,276838525,494644409
494644409,175907557,494644410,494644407,494644413
494644410,494644409,276838485,494644412,276838531
494644412,494644413,494644527,494644521,494644410
494644413,175907558,494644412,494644409,3349875148
494644416,494644417,175907558,494644404,494644430
494644417,494644419,494644416,494644428,494644403
494644419,494644420,494644417,494644401,494644427
494644420,494644422,494644419,494644425,494644399
494644422,494644398,494644424,276838460,494644420
494644424,494644422,276838558,494644425,276838459
494644425,494644427,494644424,2686097029,494644420
494644427,494644428,494644425,494644419,494644434
494644428,494644430,494644427,494644433,494644417
494644430,175907560,494644428,494644416,494644431
494644431,494644433,175907562,494644430,494644446
494644433,494644434,494644431,513075516,494644428
494644434,494644436,494644433,494644427,513075513
494644436,513075498,494644434,513075506,2686097029
494644438,276838558,494644440,99263609,513075498
494644440,494644438,494644442,1786711114,276487609
494644442,1786711115,513075506,494644443,494644440
494644443,494644445,494644442,513075513,494644451
494644445,494644453,513075516,3958518485,494644443
494644446,494644431,513075519,175907563,513075490
494644451,1786711115,494644453,494644443,276838537
494644453,276838539,494644445,494644451,494644455
494644455,513075519,276838543,494644453,175907564
494644457,175907564,494644458,513075522,494644461
494644458,494644460,513075523,494644457,276838517
494644460,494644464,494644458,494644461,276838518
494644461,3866385036,494644460,494644457,494644463
494644463,494644464,3866385029,494644461,3866385028
494644464,276838520,494644460,494644466,494644463
494644466,276838519,276838529,276838527,494644464
494644467,494644469,276838520,277667497,494644474
494644469,3866385016,3866385017,277667518,494644467
494644470,3866385008,277667518,3866385011,3866385014
494644472,277667515,494644473,277667518,494644476
494644473,494644472,494644474,3866385017,277667519
494644474,494644473,3866385038,494644467,494644475
494644475,277667519,274184066,494644474,3065509008
494644476,494644477,277667519,494644472,277667500
494644477,277040687,494644476,277667515,277667501
494644482,276838506,99266929,3136817577,274184067
494644485,494644504,99266927,276838517,494644486
494644486,494644501,513075480,494644485,494644488
494644488,274184067,494644500,494644486,494644489
494644489,494644498,99266929,494644488,494644491
494644491,276838503,494644497,494644489,494644492
494644492,494644495,2735023498,494644491,494644494
494644494,276838496,2735023507,494644492,276838488
494644495,276838487,494644497,276838501,494644492
494644497,494644495,494644498,494644491,276838504
494644498,494644497,494644500,494644540,494644489
494644500,494644488,494644539,494644498,494644501
494644501,494644537,494644486,494644500,494644504
494644504,494644501,494644536,494644485,494644514
494644514,494644524,276838517,494644504,494644515
494644515,513075523,494644523,494644514,494644517
494644517,494644518,513075522,494644515,175907563
494644518,175907562,494644523,3349875149,494644517
494644521,494644523,494644412,494644526,3349875150
494644523,494644515,494644521,494644518,494644524
494644524,494644526,494644514,494644523,494644536
494644526,494644527,494644524,494644535,494644521
494644527,2734924995,494644526,494644412,494644529,276838485
494644529,494644527,494644531,276838515,494644535
494644531,276838514,276838511,494644529,276838556
494644533,276838511,494644537,494644543,494644535
494644535,494644529,494644536,494644533,494644526
494644536,494644524,494644537,494644535,494644504
494644537,494644533,494644501,494644536,494644539
494644539,494644500,494644543,494644537,494644540
494644540,494644542,494644498,494644539,276838504
494644542,494644547,494644540,276838486,494644543
494644543,494644539,494644545,494644542,494644533
494644545,494644543,276838556,494644547,276838511
494644547,276838510,494644545,276838505,494644542
494644549,2734925150,277040587,277040607,277040606
494644550,277040606,494644552,277040652,494644555
494644552,494644550,277040668,2735023523,2735023537
494644553,277040622,2734925150,494644555,277040604
494644555,494644550,494644556,494644553,2735023514
494644556,277040605,494644555,277040582,2735023523
494644558,277040669,277040665,366066672,2301927266
494644560,277040615,277040634,277040636,277040643
494644565,164932088,3960458860,3960458859
502262096,502262101,3960458869,304826899,164926371
502262098,2529913329,177064532,177064533
502262101,502262096,164932094,3960458867
502793114,502793117,277040676
513075480,494644486,276838506,274184067,99266927
513075490,494644446,3958518485,513075519,513075516
513075498,494644438,494644436,513075506,276838558,2686097027
513075506,494644442,494644436,513075513,513075498,276838558
513075513,513075516,513075506,494644434,494644443
513075516,494644445,494644433,513075490,513075513
513075519,494644446,494644455,99266926,513075490
513075522,513075523,99266926,494644517,494644457
513075523,494644458,494644515,276838517,513075522
638866976,274184073,274184075,276838509,276838508
99151095,276487516,99151096,3743501368
99263609,494644438,276487609,2359283168,276487622
99266926,513075522,513075519,175907563,175907564
99266927,494644485,276838519,513075480,276838517
99266929,494644489,494644482,276838503,3136817578,274184067
99266930,276838500,274184002,1690454554
99267929,276838471,276838472,2359283384
99275023,385038165,1690445272,2755355750,2510487760